6370.2059181896 3248.8291580511 7845.8387280803 1759.0211977382 7755.0581403380 4960.9875153527 9491.4106881736 3671.4264961232
2151.6006660892 8389.9032611536 2762.1441391763 867.7939981486 4106.8599883745 9492.4871759617 4116.1858998680 2150.2318545585
5612.4466452222 6678.8294266954 8753.3303878604 1146.5867557875 7151.4539539309 7869.4944934829 9995.0000000000 2404.6532586463
3185.3352592305 2324.6040919287 8157.5512054337 4510.2187706456 4206.3731633012 3369.2334973340 9540.8937191720 6245.8289116773
6798.3669290094 7551.3395638685 1067.3563350963 5235.7342668712 8152.2010485787 9430.9453197385 2846.5291878453 6633.8979639219
3262.7152967100 7024.3332815239 1867.8176215502 6795.1530301409 4693.5953538659 8679.4605018989 3092.8780701847 7991.1089547401
7689.1782087514 4270.2495619397 6476.2151396581 8175.9728885682 8698.5156324401 6031.3180956714 7858.8431194530 9995.0000000000
3513.1528880987 2379.7031804722 3535.7228122998 7558.4910960560 5036.9942098450 3621.9983831958 5449.5732890925 8967.3254016879
1512.2380370109 1349.5958324774 2235.7180260541 5300.3359447170 3221.4318182696 3053.7225154982 3305.2447756570 7159.8206881329
7476.3084925315 266.1525235759 8404.3646345540 5205.2243402778 8608.9891064588 2088.5903754629 9770.7451687295 6758.6111588778
